
   4.287483953770888E-006    3.21630347287908E-006   3.489419666347629E-006   2.581401801521235E-006   2.309031000099891E-006   2.548247756491455E-006   2.518967435854256E-006   2.548247756491455E-006    2.52956893125738E-006   2.485652937707043E-006   2.485652937707043E-006    2.36284512636595E-006    2.24857312098401E-006    1.66580616683961E-006   2.479508841309828E-007   4.778646298190029E-007   6.253966548130125E-007    4.47791781493967E-007                  0.0E000
    3.21630347287908E-006   3.758771400957713E-006   2.958099248770217E-006    2.66432188816261E-006   2.470903440847768E-006    2.81342491212053E-006   2.774378066185367E-006   2.813424912120529E-006   2.788515717299822E-006   2.729951432588026E-006   2.729951432588026E-006   2.595073648397895E-006   2.354598437292807E-006   1.725806782231605E-006   1.986217712357466E-007   3.720614017285801E-007    4.82366733127843E-007    3.52299545298757E-007                  0.0E000
   3.489419666347629E-006   2.958099248770218E-006   4.329870080362676E-006   2.726118417348258E-006   2.350602512303583E-006   2.507419590358362E-006   2.485341286156545E-006   2.507419590358361E-006   2.493335154919272E-006   2.460221082264701E-006   2.460221082264701E-006   2.338669773976725E-006     2.3407674338111E-006   1.752689056110894E-006   2.096002885014564E-007   3.968020506991765E-007   5.156423322380407E-007   3.726901899319606E-007                  0.0E000
   2.581401801521236E-006   2.664321888162612E-006   2.726118417348258E-006   2.890775327794214E-006   2.397902994482584E-006   2.460967632363542E-006   2.447083610426936E-006   2.460967632363541E-006   2.452110583886741E-006   2.431286678801286E-006   2.431286678801286E-006   2.311164922768132E-006   2.445665411933844E-006   1.851543479844185E-006   1.659647092770049E-007   3.045701145249399E-007   3.907646706244339E-007    2.87239096118492E-007                  0.0E000
   2.309031000099891E-006   2.470903440847769E-006   2.350602512303583E-006   2.397902994482584E-006   3.336250894261341E-006   2.872775560584433E-006   2.898724466182464E-006   2.872775560584433E-006    2.88932917277628E-006   2.928248554329557E-006   2.928248554329557E-006   2.783573571525375E-006   2.181956340903904E-006   1.565951414795557E-006    1.47844862585294E-007   2.747932252954394E-007   3.502201754606118E-007   2.577821644744899E-007                  0.0E000
   2.548247756491455E-006    2.81342491212053E-006   2.507419590358361E-006    2.46096763236354E-006   2.872775560584433E-006   3.832934282801314E-006   3.737445420063976E-006   3.832934282801313E-006   3.772018973813702E-006   3.628800314016161E-006   3.628800314016161E-006   3.449513408109944E-006   2.402423216727482E-006   1.637788984933724E-006    1.62561304957001E-007   3.055896932570154E-007   3.871801898197598E-007   2.853276647036087E-007                  0.0E000
   2.518967435854257E-006   2.774378066185368E-006   2.485341286156545E-006   2.447083610426935E-006   2.898724466182464E-006   3.737445420063977E-006   5.372560229497631E-006   3.737445420063976E-006   4.016610172501096E-006   4.672957523786585E-006   4.672957523786585E-006   4.442082296887247E-006   2.375252148860239E-006   1.630393407779868E-006   1.607400334289022E-007     3.0189759985951E-007   3.826787721013961E-007    2.81983982579027E-007                  0.0E000
   2.548247756491455E-006    2.81342491212053E-006   2.507419590358361E-006   2.460967632363541E-006   2.872775560584433E-006   3.832934282801314E-006   3.737445420063976E-006   1.407293428280132E-005   3.772018973813702E-006   3.628800314016161E-006   3.628800314016161E-006   3.449513408109944E-006   2.402423216727482E-006   1.637788984933724E-006    1.62561304957001E-007   3.055896932570155E-007   3.871801898197598E-007   2.853276647036087E-007                  0.0E000
    2.52956893125738E-006   2.788515717299823E-006   2.493335154919271E-006   2.452110583886741E-006    2.88932917277628E-006   3.772018973813703E-006   4.016610172501094E-006   3.772018973813702E-006   5.506632192074494E-006   4.294900603007639E-006   4.294900603007639E-006   4.082703906123052E-006   2.385089949294931E-006   1.633071116749368E-006   1.613994593270069E-007   3.032343922965378E-007    3.84308595758045E-007   2.831946261068928E-007                  0.0E000
   2.485652937707043E-006   2.729951432588027E-006   2.460221082264701E-006   2.431286678801287E-006   2.928248554329558E-006   3.628800314016163E-006   4.672957523786586E-006   3.628800314016161E-006    4.29490060300764E-006   5.860976393569822E-006   5.860976393569822E-006   5.571405121451643E-006   2.344337511642399E-006   1.621978884440371E-006    1.58667831156932E-007   2.976968180383481E-007   3.775571590529468E-007   2.781796153617252E-007                  0.0E000
   2.485652937707044E-006   2.729951432588027E-006   2.460221082264701E-006   2.431286678801286E-006   2.928248554329558E-006   3.628800314016163E-006   4.672957523786586E-006   3.628800314016161E-006    4.29490060300764E-006   5.860976393569823E-006   8.110976393569824E-006   5.571405121451643E-006   2.344337511642399E-006   1.621978884440371E-006    1.58667831156932E-007   2.976968180383481E-007   3.775571590529468E-007   2.781796153617252E-007                  0.0E000
    2.36284512636595E-006   2.595073648397896E-006   2.338669773976725E-006   2.311164922768132E-006   2.783573571525375E-006   3.449513408109945E-006   4.442082296887247E-006   3.449513408109945E-006   4.082703906123053E-006   5.571405121451643E-006   5.571405121451643E-006   2.369962764754251E-005   2.228511623610254E-006   1.541842324014787E-006   1.508285834570516E-007   2.829886123544837E-007    3.58903320596229E-007   2.644356894885521E-007                  0.0E000
   2.248573120984011E-006   2.354598437292808E-006     2.3407674338111E-006   2.445665411933844E-006   2.181956340903903E-006   2.402423216727482E-006   2.375252148860239E-006   2.402423216727481E-006    2.38508994929493E-006   2.344337511642398E-006   2.344337511642398E-006   2.228511623610254E-006   3.678584551356991E-006   1.577795074156702E-006   1.443318577955458E-007   2.662099931043063E-007   3.406465044316361E-007   2.505321374396638E-007                  0.0E000
   1.665806166839609E-006   1.725806782231605E-006   1.752689056110894E-006   1.851543479844184E-006   1.565951414795556E-006   1.637788984933724E-006   1.630393407779868E-006   1.637788984933724E-006   1.633071116749367E-006    1.62197888444037E-006    1.62197888444037E-006   1.541842324014787E-006   1.577795074156701E-006   2.749861014116395E-006   1.070537644486779E-007   1.967169659281371E-007     2.5221540503495E-007   1.854214062093966E-007                  0.0E000
   2.479508841309827E-007   1.986217712357466E-007   2.096002885014564E-007   1.659647092770049E-007   1.478448625852939E-007    1.62561304957001E-007   1.607400334289021E-007    1.62561304957001E-007   1.613994593270069E-007   1.586678311569319E-007   1.586678311569319E-007   1.508285834570515E-007   1.443318577955457E-007   1.070537644486779E-007   3.111557775491697E-006   8.074888815259439E-007   1.601038792484089E-006   1.965463780522639E-006                  0.0E000
   4.778646298190027E-007   3.720614017285801E-007   3.968020506991765E-007   3.045701145249398E-007   2.747932252954395E-007   3.055896932570154E-007   3.018975998595098E-007   3.055896932570154E-007   3.032343922965378E-007   2.976968180383481E-007   2.976968180383481E-007   2.829886123544836E-007   2.662099931043063E-007   1.967169659281371E-007    8.07488881525944E-007   2.970132640745173E-006   1.276211965383685E-006   1.545305715561265E-006                  0.0E000
   6.253966548130124E-007    4.82366733127843E-007   5.156423322380408E-007   3.907646706244338E-007   3.502201754606117E-007   3.871801898197598E-007    3.82678772101396E-007   3.871801898197598E-007   3.843085957580451E-007   3.775571590529467E-007   3.775571590529467E-007   3.589033205962289E-007    3.40646504431636E-007     2.5221540503495E-007    1.60103879248409E-006   1.276211965383685E-006   6.070452066948871E-006   3.066224754504587E-006                  0.0E000
   4.477917814939669E-007    3.52299545298757E-007   3.726901899319606E-007    2.87239096118492E-007   2.577821644744899E-007   2.853276647036088E-007    2.81983982579027E-007   2.853276647036088E-007   2.831946261068928E-007   2.781796153617252E-007   2.781796153617252E-007    2.64435689488552E-007   2.505321374396637E-007   1.854214062093966E-007   1.965463780522639E-006   1.545305715561265E-006   3.066224754504587E-006   3.766219056766734E-006                  0.0E000
                  0.0E000                  0.0E000                  0.0E000                  0.0E000                  0.0E000                  0.0E000                  0.0E000                  0.0E000                  0.0E000                  0.0E000                  0.0E000                  0.0E000                  0.0E000                  0.0E000                  0.0E000                  0.0E000                  0.0E000                  0.0E000             1.04976E-003

